[[1.         0.98864872 0.98023597 0.98470699 0.99257591 0.99070288
  0.94550897 0.97339896 0.95087083 0.98367202 0.98144974 0.9786907
  0.96953993 0.94946242 0.9674445  0.97774966 0.97242673 0.98469584
  0.97438197 0.96272749 0.99297839 0.98331221]
 [0.98864872 1.         0.98457919 0.98560554 0.98434571 0.99060988
  0.95412755 0.97834988 0.95161168 0.97965061 0.98324768 0.98212865
  0.96923413 0.95093144 0.96920929 0.97248311 0.97131761 0.98461657
  0.97439693 0.97040745 0.99345641 0.9939785 ]
 [0.98023597 0.98457919 1.         0.99513537 0.98981496 0.99414231
  0.98335229 0.99402288 0.96739201 0.9927581  0.9882615  0.99411436
  0.9892312  0.9798941  0.99008456 0.98857666 0.9914027  0.99280204
  0.99262405 0.98782788 0.98610309 0.98849655]
 [0.98470699 0.98560554 0.99513537 1.         0.98969457 0.99414841
  0.97258846 0.98835024 0.9587074  0.98781677 0.98145057 0.98774938
  0.98417129 0.97356533 0.98324731 0.98362138 0.98544642 0.98886209
  0.9883658  0.9800831  0.98904919 0.98811629]
 [0.99257591 0.98434571 0.98981496 0.98969457 1.         0.99571944
  0.96069155 0.981006   0.95932286 0.99138112 0.98392595 0.98531536
  0.97887645 0.96093792 0.97592532 0.98688685 0.98253924 0.98904974
  0.98285092 0.97072116 0.98898249 0.98126513]
 [0.99070288 0.99060988 0.99414231 0.99414841 0.99571944 1.
  0.96747013 0.9879164  0.9667791  0.99280765 0.98799868 0.99129151
  0.98292499 0.9658769  0.98190335 0.9864181  0.98531598 0.9927078
  0.98744351 0.9774937  0.99308343 0.98904419]
 [0.94550897 0.95412755 0.98335229 0.97258846 0.96069155 0.96747013
  1.         0.98902222 0.97327742 0.97977771 0.97481816 0.98477332
  0.98885107 0.99217016 0.99066459 0.98422415 0.98879252 0.97910884
  0.98898202 0.98772211 0.95398601 0.96685542]
 [0.97339896 0.97834988 0.99402288 0.98835024 0.981006   0.9879164
  0.98902222 1.         0.97671277 0.99183705 0.98557458 0.99528486
  0.99578645 0.98423664 0.99529357 0.99025712 0.99364555 0.99329369
  0.9968115  0.99251425 0.97834032 0.98563116]
 [0.95087083 0.95161168 0.96739201 0.9587074  0.95932286 0.9667791
  0.97327742 0.97671277 1.         0.9704819  0.9729105  0.97086745
  0.96738032 0.96843159 0.97229129 0.97488117 0.97084533 0.97661298
  0.97496471 0.9711421  0.95197969 0.95854663]
 [0.98367202 0.97965061 0.9927581  0.98781677 0.99138112 0.99280765
  0.97977771 0.99183705 0.9704819  1.         0.99253658 0.99616612
  0.99252706 0.97900141 0.99216048 0.99582807 0.99565257 0.99469103
  0.99428953 0.98537146 0.9835719  0.98407678]
 [0.98144974 0.98324768 0.9882615  0.98145057 0.98392595 0.98799868
  0.97481816 0.98557458 0.9729105  0.99253658 1.         0.99178299
  0.98245583 0.97736761 0.98706185 0.99003834 0.98855507 0.99240326
  0.98693613 0.98623675 0.98149399 0.98778683]
 [0.9786907  0.98212865 0.99411436 0.98774938 0.98531536 0.99129151
  0.98477332 0.99528486 0.97086745 0.99616612 0.99178299 1.
  0.99402901 0.98052519 0.99484487 0.99194017 0.99447893 0.99479921
  0.99485436 0.99033677 0.98350306 0.98778916]
 [0.96953993 0.96923413 0.9892312  0.98417129 0.97887645 0.98292499
  0.98885107 0.99578645 0.96738032 0.99252706 0.98245583 0.99402901
  1.         0.98672699 0.99643975 0.99373245 0.99704473 0.99015093
  0.99716604 0.9899849  0.97265679 0.97967143]
 [0.94946242 0.95093144 0.9798941  0.97356533 0.96093792 0.9658769
  0.99217016 0.98423664 0.96843159 0.97900141 0.97736761 0.98052519
  0.98672699 1.         0.98980861 0.98652078 0.98948019 0.98102164
  0.98810236 0.98815603 0.95489172 0.968134  ]
 [0.9674445  0.96920929 0.99008456 0.98324731 0.97592532 0.98190335
  0.99066459 0.99529357 0.97229129 0.99216048 0.98706185 0.99484487
  0.99643975 0.98980861 1.         0.99293169 0.9958657  0.99150322
  0.99684756 0.99222581 0.97182325 0.98123542]
 [0.97774966 0.97248311 0.98857666 0.98362138 0.98688685 0.9864181
  0.98422415 0.99025712 0.97488117 0.99582807 0.99003834 0.99194017
  0.99373245 0.98652078 0.99293169 1.         0.9958998  0.99381614
  0.99480114 0.98651251 0.9772916  0.9801366 ]
 [0.97242673 0.97131761 0.9914027  0.98544642 0.98253924 0.98531598
  0.98879252 0.99364555 0.97084533 0.99565257 0.98855507 0.99447893
  0.99704473 0.98948019 0.9958657  0.9958998  1.         0.99134484
  0.99726567 0.99081014 0.97454196 0.98101886]
 [0.98469584 0.98461657 0.99280204 0.98886209 0.98904974 0.9927078
  0.97910884 0.99329369 0.97661298 0.99469103 0.99240326 0.99479921
  0.99015093 0.98102164 0.99150322 0.99381614 0.99134484 1.
  0.99240267 0.99011095 0.98881072 0.99113467]
 [0.97438197 0.97439693 0.99262405 0.9883658  0.98285092 0.98744351
  0.98898202 0.9968115  0.97496471 0.99428953 0.98693613 0.99485436
  0.99716604 0.98810236 0.99684756 0.99480114 0.99726567 0.99240267
  1.         0.98989097 0.97602078 0.9818527 ]
 [0.96272749 0.97040745 0.98782788 0.9800831  0.97072116 0.9774937
  0.98772211 0.99251425 0.9711421  0.98537146 0.98623675 0.99033677
  0.9899849  0.98815603 0.99222581 0.98651251 0.99081014 0.99011095
  0.98989097 1.         0.96994261 0.98254666]
 [0.99297839 0.99345641 0.98610309 0.98904919 0.98898249 0.99308343
  0.95398601 0.97834032 0.95197969 0.9835719  0.98149399 0.98350306
  0.97265679 0.95489172 0.97182325 0.9772916  0.97454196 0.98881072
  0.97602078 0.96994261 1.         0.99195222]
 [0.98331221 0.9939785  0.98849655 0.98811629 0.98126513 0.98904419
  0.96685542 0.98563116 0.95854663 0.98407678 0.98778683 0.98778916
  0.97967143 0.968134   0.98123542 0.9801366  0.98101886 0.99113467
  0.9818527  0.98254666 0.99195222 1.        ]]